{
  "advancedEditorSelectedIdentifier" : "ProjectBrowser",
  "openSceneRelativePaths" : [
    "Keypad.usda"
  ],
  "recentIdentifiers" : {
    "62FDD1C8-6986-4849-929D-4C3467210684" : [

    ]
  },
  "sceneCameraHistory" : {
    "030A850E-B982-4168-A626-C8C350FA6310" : [
      {
        "date" : 727801747.951221,
        "title" : "Untitled",
        "transform" : [
          -0.7240323,
          9.860699e-10,
          0.68976605,
          0,
          0.38762504,
          0.8271604,
          0.40688145,
          0,
          -0.5705472,
          0.56196576,
          -0.59889084,
          0,
          -0.058219723,
          0.067193665,
          -0.071608745,
          1
        ]
      },
      {
        "date" : 727585607.045558,
        "title" : "Untitled",
        "transform" : [
          -0.5296012,
          -7.2730616e-10,
          0.84824675,
          0,
          0.620359,
          0.6820102,
          0.38731992,
          0,
          -0.578513,
          0.73134255,
          -0.36119345,
          0,
          -0.22658229,
          0.2990818,
          -0.14770968,
          1
        ]
      },
      {
        "date" : 727585600.673139,
        "title" : "Untitled",
        "transform" : [
          1,
          0,
          -0,
          0,
          -0,
          0.8660254,
          -0.5,
          0,
          0,
          0.5,
          0.8660254,
          0,
          0.0100000035,
          0.20447448,
          0.3541602,
          1
        ]
      }
    ],
    "62FDD1C8-6986-4849-929D-4C3467210684" : [
      {
        "date" : 727584847.566864,
        "title" : "Untitled",
        "transform" : [
          -0.8134403,
          2.499231e-09,
          0.5816483,
          0,
          0.38415426,
          0.75086313,
          0.53724307,
          0,
          -0.43673825,
          0.6604579,
          -0.61078227,
          0,
          -0.113886334,
          0.11231168,
          -0.15055995,
          1
        ]
      },
      {
        "date" : 727584818.049492,
        "title" : "Untitled",
        "transform" : [
          -0.5053024,
          -2.156493e-09,
          0.8629424,
          0,
          0.7024825,
          0.58078784,
          0.41134402,
          0,
          -0.5011863,
          0.81405497,
          -0.29347345,
          0,
          -0.13906848,
          0.1523246,
          -0.0755611,
          1
        ]
      },
      {
        "date" : 727584218.723606,
        "title" : "Untitled",
        "transform" : [
          -0.5053024,
          -2.156493e-09,
          0.8629424,
          0,
          0.7024825,
          0.58078784,
          0.41134402,
          0,
          -0.5011863,
          0.81405497,
          -0.29347345,
          0,
          -0.08162831,
          0.08940921,
          -0.04435171,
          1
        ]
      },
      {
        "date" : 727583944.458322,
        "title" : "Untitled",
        "transform" : [
          -0.61021096,
          -2.0777122e-09,
          0.79223907,
          0,
          0.64707994,
          0.5769583,
          0.49840426,
          0,
          -0.45708883,
          0.8167736,
          -0.35206622,
          0,
          -0.07504192,
          0.089844294,
          -0.054046042,
          1
        ]
      },
      {
        "date" : 727583938.40852,
        "title" : "Untitled",
        "transform" : [
          -0.3070792,
          -1.005791e-08,
          0.95168406,
          0,
          0.401575,
          0.90661335,
          0.12957594,
          0,
          -0.86280936,
          0.42196256,
          -0.27840206,
          0,
          -0.08614117,
          0.023033708,
          -0.025546998,
          1
        ]
      },
      {
        "date" : 727583936.290259,
        "title" : "Untitled",
        "transform" : [
          -0.3070792,
          -1.2104569e-08,
          0.95168394,
          0,
          0.40157497,
          0.90661335,
          0.12957592,
          0,
          -0.86280936,
          0.4219625,
          -0.2784021,
          0,
          -0.91730523,
          0.50581926,
          -0.28547236,
          1
        ]
      },
      {
        "date" : 727583930.041549,
        "title" : "Untitled",
        "transform" : [
          -0.43839967,
          0.028239015,
          0.8983364,
          0,
          0.69083524,
          0.6499574,
          0.31670517,
          0,
          -0.57493687,
          0.7594459,
          -0.30444956,
          0,
          0.030132696,
          0.17250486,
          -0.083928905,
          1
        ]
      },
      {
        "date" : 727583927.074551,
        "title" : "Untitled",
        "transform" : [
          -0.502911,
          0.028239006,
          0.8638768,
          0,
          0.66306406,
          0.6537478,
          0.3646365,
          0,
          -0.5544605,
          0.7561853,
          -0.34750122,
          0,
          0.03542283,
          0.1708927,
          -0.0933074,
          1
        ]
      },
      {
        "date" : 727583918.291165,
        "title" : "Untitled",
        "transform" : [
          -0.97035134,
          -3.3164598e-09,
          0.24169876,
          0,
          0.12360148,
          0.85935074,
          0.49622452,
          0,
          -0.20770402,
          0.51138645,
          -0.83387214,
          0,
          0.10334724,
          0.14262524,
          -0.18042019,
          1
        ]
      },
      {
        "date" : 727583906.242315,
        "title" : "Untitled",
        "transform" : [
          -0.4859051,
          0.0012992517,
          0.8740106,
          0,
          0.7140585,
          0.5772418,
          0.3961218,
          0,
          -0.5040009,
          0.8165721,
          -0.28141242,
          0,
          -0.06229175,
          0.1599622,
          -0.078799814,
          1
        ]
      }
    ],
    "FEB273A3-F8D0-4CDA-81AA-39C4B7577CAE" : [
      {
        "date" : 727578895.694202,
        "title" : "Untitled",
        "transform" : [
          0.99999994,
          0,
          -0,
          0,
          -0,
          0.8660254,
          -0.49999994,
          0,
          0,
          0.49999994,
          0.8660254,
          0,
          0,
          0.23958632,
          0.41497573,
          1
        ]
      }
    ]
  },
  "selectedSceneRelativePath" : "Scene.usda"
}