{
  "advancedEditorSelectedIdentifier" : "ProjectBrowser",
  "openSceneRelativePaths" : [
    "TactileTotalsKeypadA.usda"
  ],
  "recentIdentifiers" : {
    "5458A790-E89D-411D-AA98-14C4478B11A8" : [

    ]
  },
  "sceneCameraHistory" : {
    "26DBAE76-5DD8-47B6-A085-1B4ADA111097" : [
      {
        "date" : 728178143.144319,
        "title" : "Untitled",
        "transform" : [
          0.99999994,
          0,
          -0,
          0,
          -0,
          0.8660254,
          -0.49999988,
          0,
          0,
          0.49999988,
          0.8660254,
          0,
          0,
          0.20236091,
          0.3506994,
          1
        ]
      }
    ],
    "98FC4660-CFD7-444A-BFD5-73461C7BD6C9" : [
      {
        "date" : 728179375.938419,
        "title" : "Untitled",
        "transform" : [
          0.99999994,
          0,
          -0,
          0,
          -0,
          0.8660254,
          -0.49999988,
          0,
          0,
          0.49999988,
          0.8660254,
          0,
          0,
          0.20201004,
          0.34989166,
          1
        ]
      }
    ],
    "5458A790-E89D-411D-AA98-14C4478B11A8" : [
      {
        "date" : 731950125.963009,
        "title" : "Untitled",
        "transform" : [
          -0.75403947,
          -4.010289e-09,
          0.6568292,
          0,
          0.57448554,
          0.48478273,
          0.65950906,
          0,
          -0.31841943,
          0.8746347,
          -0.36554524,
          0,
          -0.058769137,
          0.13752548,
          -0.067005575,
          1
        ]
      },
      {
        "date" : 731950122.104315,
        "title" : "Untitled",
        "transform" : [
          -0.9608028,
          2.177819e-08,
          0.27723297,
          0,
          0.08031161,
          0.9571204,
          0.2783353,
          0,
          -0.26534525,
          0.28969038,
          -0.91960394,
          0,
          -0.03477704,
          0.049099445,
          -0.14991914,
          1
        ]
      },
      {
        "date" : 731950115.341259,
        "title" : "Untitled",
        "transform" : [
          -0.33458146,
          1.1794746e-08,
          -0.94236684,
          0,
          -0.7420587,
          0.6163895,
          0.2634632,
          0,
          0.580865,
          0.7874414,
          -0.20623244,
          0,
          0.094594926,
          0.12855282,
          -0.024938336,
          1
        ]
      },
      {
        "date" : 731782329.781228,
        "title" : "Untitled",
        "transform" : [
          -0.8187711,
          8.493657e-09,
          -0.57412004,
          0,
          -0.55856746,
          0.23118196,
          0.796591,
          0,
          0.13272624,
          0.9729105,
          -0.18928507,
          0,
          0.026701463,
          0.15751956,
          -0.023886548,
          1
        ]
      },
      {
        "date" : 728180725.408678,
        "title" : "Untitled",
        "transform" : [
          -0.8187711,
          8.493657e-09,
          -0.57412004,
          0,
          -0.55856746,
          0.23118196,
          0.796591,
          0,
          0.13272624,
          0.9729105,
          -0.18928507,
          0,
          0.02668807,
          0.15776283,
          -0.02264549,
          1
        ]
      },
      {
        "date" : 728180719.658689,
        "title" : "Untitled",
        "transform" : [
          -0.6924635,
          -1.8486082e-08,
          -0.7214529,
          0,
          -0.42943028,
          0.8035555,
          0.4121749,
          0,
          0.5797275,
          0.5952298,
          -0.55643284,
          0,
          0.0647077,
          0.09922214,
          -0.086733565,
          1
        ]
      },
      {
        "date" : 728180715.923955,
        "title" : "Untitled",
        "transform" : [
          -0.6924635,
          -1.8486082e-08,
          -0.7214529,
          0,
          -0.42943028,
          0.8035555,
          0.4121749,
          0,
          0.5797275,
          0.5952298,
          -0.55643284,
          0,
          0.16539705,
          0.36095464,
          -0.24446654,
          1
        ]
      },
      {
        "date" : 728180711.813863,
        "title" : "Untitled",
        "transform" : [
          -0.6924635,
          -1.8486082e-08,
          -0.7214529,
          0,
          -0.42943028,
          0.8035555,
          0.4121749,
          0,
          0.5797275,
          0.5952298,
          -0.55643284,
          0,
          -0.09173,
          0.98995227,
          0.16049594,
          1
        ]
      },
      {
        "date" : 728180710.157177,
        "title" : "Untitled",
        "transform" : [
          -0.69246346,
          -1.848608e-08,
          -0.72145283,
          0,
          -0.42943028,
          0.8035555,
          0.4121749,
          0,
          0.5797275,
          0.5952298,
          -0.55643284,
          0,
          -0.094108164,
          0.98751056,
          0.16277856,
          1
        ]
      },
      {
        "date" : 728180685.124796,
        "title" : "Untitled",
        "transform" : [
          -0.9464818,
          1.6250095e-08,
          -0.3227573,
          0,
          -0.28154826,
          0.48893195,
          0.8256368,
          0,
          0.1578064,
          0.8723219,
          -0.46276522,
          0,
          0.00021216771,
          0.0421653,
          -0.026773069,
          1
        ]
      }
    ],
    "B504CF00-715C-42F3-86D2-0C1D7B78E636" : [
      {
        "date" : 728179220.062441,
        "title" : "Untitled",
        "transform" : [
          1,
          0,
          -0,
          0,
          -0,
          0.8660254,
          -0.5,
          0,
          0,
          0.5,
          0.8660254,
          0,
          0,
          0.20200978,
          0.34989125,
          1
        ]
      }
    ]
  },
  "selectedSceneRelativePath" : "TactileTotalsKeypadA.usda"
}